Вариант 21
Формула трапеций 0
| N |       h|    Integral|                     Оценка. погр.|         k|
|   1|       1|         0.5|
|   2|     0.5|    0.414214|              -0.02859547920896836|
|   4|    0.25|    0.392607|            -0.0072022694771575564|    1.9893|
|   8|   0.125|    0.387195|            -0.0018039423958077598|    1.9973|
|  16|  0.0625|    0.385841|           -0.00045119713179638438|    1.9993|
|  32| 0.03125|    0.385503|           -0.00011281251305600426|    1.9998|
|  64| 0.01563|    0.385418|           -2.8203955291128402e-05|         2|
| 128|0.007813|    0.385397|           -7.0510405142942822e-06|         2|
| 256|0.003906|    0.385392|           -1.7627633591884202e-06|         2|
| 512|0.001953|    0.385391|           -4.4069104175129919e-07|         2|
|1024|0.0009766|     0.38539|           -1.1017277308974134e-07|         2|
|2048|0.0004883|     0.38539|           -2.7543194169865615e-08|         2|
|4096|0.0002441|     0.38539|           -6.8857985424664037e-09|         2|
|8192|0.0001221|     0.38539|           -1.7214499825612961e-09|         2|
Результат 0.385390083499375
Kobr = 8193
Формула трапеций 1
| N |       h|    Integral|                     Оценка. погр.|         k|
|   1|       1|    0.384475|
|   2|     0.5|    0.385332|            5.7130662872536169e-05|
|   4|    0.25|    0.385386|            1.8013653675208463e-05|    3.9871|
|   8|   0.125|     0.38539|            1.1283869004360032e-06|    3.9968|
|  16|  0.0625|     0.38539|            7.0563880664546261e-08|    3.9992|
|  32| 0.03125|     0.38539|            4.4108632672272092e-09|    3.9998|
|  64| 0.01563|     0.38539|            2.7568867559205995e-10|    3.9999|
Результат 0.385390081722789
Kobr = 65
Формула Симпсона
| N |       h|    Integral|                     Оценка. погр.|         k|
|   1|     0.5|    0.385618|
|   2|    0.25|    0.385404|           -1.4239913310791035e-05|
|   4|   0.125|    0.385391|           -9.0000707156553022e-07|    3.9839|
|   8|  0.0625|     0.38539|           -5.6408758516054057e-08|    3.9959|
|  16| 0.03125|     0.38539|           -3.5280285026750845e-09|     3.999|
Результат 0.385390085306586
Kobr = 33
Формула Гауса-3
| N |       h|    Integral|                     Оценка. погр.|         k|
|   1|       1|     0.38539|
|   2|     0.5|     0.38539|            2.4396993191110203e-09|
|   4|    0.25|     0.38539|            3.8593385982590151e-11|    5.9822|
Результат 0.385390081739214
Kobr = 21














Вариант 25
Формула трапеций 0
| N |       h|    Integral|                     Оценка. погр.|         k|
|   1|       1|         6.5|
|   2|     0.5|     6.09808|              -0.13397459621556132|
|   4|    0.25|     5.99572|             -0.034117434415401902|    1.9734|
|   8|   0.125|     5.97002|             -0.008569445440297585|    1.9932|
|  16|  0.0625|     5.96358|            -0.0021448844952119592|    1.9983|
|  32| 0.03125|     5.96197|           -0.00053637909851289578|    1.9996|
|  64| 0.01563|     5.96157|           -0.00013410465241155597|    1.9999|
| 128|0.007813|     5.96147|           -3.3526780532848001e-05|         2|
| 256|0.003906|     5.96144|           -8.3817337242682779e-06|         2|
| 512|0.001953|     5.96144|           -2.0954358420273897e-06|         2|
|1024|0.0009766|     5.96144|           -5.2385911253338691e-07|         2|
|2048|0.0004883|     5.96144|           -1.3096478834739855e-07|         2|
|4096|0.0002441|     5.96144|           -3.2741195236477928e-08|         2|
Результат 5.961435392502223
Kobr = 4097
Формула трапеций 1
| N |       h|    Integral|                     Оценка. погр.|         k|
|   1|       1|     5.95069|
|   2|     0.5|     5.96075|            0.00067038797359047684|
|   4|    0.25|     5.96139|            0.00021419960547645425|     3.968|
|   8|   0.125|     5.96143|            1.3463064921855524e-05|    3.9919|
|  16|  0.0625|     5.96144|            8.4263109319711782e-07|     3.998|
|  32| 0.03125|     5.96144|            5.2683063245240191e-08|    3.9995|
Результат 5.961435349223467
Kobr = 33
Формула Симпсона
| N |       h|    Integral|                     Оценка. погр.|         k|
|   1|     0.5|      5.9641|
|   2|    0.25|     5.96161|           -0.00016634276306971192|
|   4|   0.125|     5.96145|           -1.0689823052582408e-05|    3.9598|
|   8|  0.0625|     5.96144|           -6.7283603666368208e-07|    3.9898|
|  16| 0.03125|     5.96144|           -4.2126589446430292e-08|    3.9975|
Результат 5.961435401906528
Kobr = 33
Формула Гауса-3
| N |       h|    Integral|                     Оценка. погр.|         k|
|   1|       1|     5.96143|
|   2|     0.5|     5.96144|            7.1427866725371818e-08|
|   4|    0.25|     5.96144|            1.1508650117553727e-09|    5.9557|
Результат 5.961435358601155
Kobr = 21