
 Формула трапеций 0
 N  |   h    | Interral | Оценка погр.  |  k    |
   1|  1.0000|  0.5000  |
   2|  0.5000|  0.4142  |-0.0285954792089684    |
   4|  0.2500|  0.392607  |-0.00720226947715748    | 1.9893 |
   8|  0.1250|  0.387195  |-0.00180394239580787    | 1.9973 |
  16|  0.0625|  0.385841  |-0.000451197131796366    | 1.9993 |
  32|  0.0313|  0.385503  |-0.000112812513056004    | 1.9998 |
  64|  0.0156|  0.385418  |-2.82039552911469E-05    | 2.0000 |
 128|  0.0078|  0.385397  |-7.05104051425727E-06    | 2.0000 |
 256|  0.0039|  0.385392  |-1.76276335918842E-06    | 2.0000 |
 512|  0.0020|  0.385391  |-4.40691041862322E-07    | 2.0000 |
1024|  0.0010|  0.385390  |-1.1017277303423E-07    | 2.0000 |
2048|  0.0005|  0.385390  |-2.75431941513619E-08    | 2.0000 |
4096|  0.0002|  0.385390  |-6.88579857947384E-09    | 2.0000 |
8192|  0.0001|  0.385390  |-1.72144994555386E-09    | 2.0000 |
 Результат 0.385390083499375
 Kobr=8193
 Формула трапеций 1
 N  |   h    | Interral | Оценка погр.  |  k    |
   1|  1.0000|  0.3845  |
   2|  0.5000|  0.3853  |5.71306628725399E-05    |
   4|  0.2500|  0.385386  |1.8013653675264E-05    | 3.9871 |
   8|  0.1250|  0.385390  |1.12838690032498E-06    | 3.9968 |
  16|  0.0625|  0.385390  |7.056388068305E-08    | 3.9992 |
  32|  0.0313|  0.385390  |4.41086324872349E-09    | 3.9998 |
  64|  0.0156|  0.385390  |2.7568867559206E-10    | 3.9999 |
 Результат 0.385390081722788
 Kobr= 65
 Формула Симпсона
 N  |   h    | Interral | Оценка погр.  |  k    |
   1|  1.0000|  0.3856  |
   2|  0.5000|  0.3854  |-1.42399133107688E-05    |
   4|  0.2500|  0.385391  |-9.00007071602538E-07    | 3.9839 |
   8|  0.1250|  0.385390  |-5.64087585086526E-08    | 3.9959 |
  16|  0.0625|  0.385390  |-3.52802849897434E-09    | 3.9990 |
 Результат 0.385390085306586
 Kobr= 33
 Формула Гауса-3
 N  |   h    | Interral | Оценка погр.  |  k    |
   1|  1.0000|  0.3854  |
   2|  0.5000|  0.3854  |2.4396993243978E-09    |
   4|  0.2500|  0.385390  |3.85933771712963E-11    | 5.9822 |
 Результат 0.385390081739213
 Kobr= 21
